[17,10004,83189]
[19,10003,3726]
[17,10001,13478]
[18,10004,4861]
[15,8006,59132]
[19,10004,378]
[17,10003,42794]
[18,10003,2691]
[20,10003,4606]
[15,10002,233]
[16,8006,37700]
[19,10002,1182]
[17,10002,549]
[20,10002,586]
[16,10002,105]
[18,10002,12]
[20,10004,568149]
[16,10001,5131]
[21,10003,2948]
[21,10004,97560]
[22,10003,5584]
[22,10004,560400]
[22,10001,42417]
[23,10003,18435]
[24,10001,26441]
[23,10002,814]
[24,10003,763]
[23,10004,93994]
[23,10001,26356]
[24,10004,177295]
[24,10002,1058]
[25,10001,50500]
[25,10002,2156]
[25,10004,294579]
[25,10003,1792]
[26,10003,598]
[26,10004,547461]
[26,10002,5284]
[26,10001,80738]
[27,10003,65431]
[27,10001,17583]
[27,10002,983]
[27,10004,134756]
[28,10004,501912]
[28,10002,10086]
[28,10003,9726]
[28,10001,59265]
[29,10004,41931]
[29,10003,3443]
[29,10001,66434]
[30,10002,1822]
[30,10001,22045]
[30,10004,167359]
[30,10003,31808]
